1495635135.472983,32
1495635135.518537,36
1495635135.549726,37
1495635135.577889,36
1495635135.605171,30
1495635135.632091,25
1495635135.658942,18
1495635135.686579,22
1495635135.713880,19
1495635135.740924,19
1495635135.767921,20
1495635135.795930,21
1495635135.823576,22
1495635135.850686,19
1495635135.878064,21
1495635135.906492,21
1495635135.934062,19
1495635135.962893,22
1495635135.990152,23
1495635136.017368,22
1495635136.044284,18
1495635136.071596,22
1495635136.098423,21
1495635136.125382,21
1495635136.152137,19
1495635136.179267,22
1495635136.206016,20
1495635136.232998,20
1495635136.259448,22
1495635136.285685,20
1495635136.312941,22
1495635136.338468,18
1495635136.365601,21
1495635136.392889,23
1495635136.419728,22
1495635136.447477,21
1495635136.481098,21
1495635136.509924,22
1495635136.536859,20
1495635136.565558,20
1495635136.594589,21
1495635136.622507,22
1495635136.650206,20
1495635136.681837,22
1495635136.710278,21
1495635136.738011,22
1495635136.767381,21
1495635136.795615,22
1495635136.822399,21
1495635136.850993,21
1495635136.880505,22
1495635136.907907,21
1495635136.937509,23
1495635136.967058,21
1495635136.994213,22
1495635137.023127,21
1495635137.052906,22
1495635137.080959,21
1495635137.108666,22
1495635137.136457,21
1495635137.164025,22
1495635137.190446,21
1495635137.217982,20
1495635137.245414,22
1495635137.270882,20
1495635137.297001,21
1495635137.321926,21
1495635137.348170,23
1495635137.373216,20
1495635137.399135,20
1495635137.424803,22
1495635137.452898,20
1495635137.480071,22
1495635137.507002,20
1495635137.535177,21
1495635137.562497,19
1495635137.589932,22
1495635137.617596,21
1495635137.645431,20
1495635137.672834,22
1495635137.699913,20
1495635137.727489,23
1495635137.755673,21
1495635137.784613,20
1495635137.813829,23
1495635137.841661,21
1495635137.869530,22
1495635137.897560,22
1495635137.927707,20
1495635137.955120,20
1495635137.982323,20
1495635138.009845,19
1495635138.036769,21
1495635138.063783,22
1495635138.090952,23
1495635138.118526,18
1495635138.145169,22
1495635138.172244,23
1495635138.199355,22
1495635138.226254,23
1495635138.253994,20
1495635138.281456,20
1495635138.308626,22
1495635138.335721,19
1495635138.363221,23
1495635138.390076,20
1495635138.417461,23
1495635138.445240,18
1495635138.473777,21
1495635138.505777,21
1495635138.533806,22
1495635138.561579,22
1495635138.589033,22
1495635138.616873,21
1495635138.644143,21
1495635138.673468,22
1495635138.700902,23
1495635138.728576,22
1495635138.755344,21
1495635138.782977,20
1495635138.811162,23
1495635138.838286,19
1495635138.866131,21
1495635138.893503,22
1495635138.921597,21
1495635138.950331,20
1495635138.978478,21
1495635139.006062,20
1495635139.034685,24
1495635139.062548,21
1495635139.090501,23
1495635139.119102,21
1495635139.145078,21
1495635139.171449,21
1495635139.199309,20
1495635139.226490,18
1495635139.253715,22
1495635139.281432,21
1495635139.309053,21
1495635139.336003,20
1495635139.363008,21
1495635139.391588,21
1495635139.421116,20
1495635139.448561,23
1495635139.476795,20
1495635139.503417,23
1495635139.529197,21
1495635139.555438,22
1495635139.580903,18
1495635139.607363,23
1495635139.632742,18
1495635139.658397,22
1495635139.683678,21
1495635139.709979,21
1495635139.735164,21
1495635139.761233,21
1495635139.787423,22
1495635139.812957,19
1495635139.839029,22
1495635139.864480,20
1495635139.892576,21
1495635139.921380,20
1495635139.949463,21
1495635139.977575,21
1495635140.004646,20
1495635140.032141,20
1495635140.058950,21
1495635140.086991,20
1495635140.114975,23
1495635140.141848,19
1495635140.169844,22
1495635140.197707,21
1495635140.224853,20
1495635140.252122,21
1495635140.278915,19
1495635140.306001,23
1495635140.333396,19
1495635140.360373,21
1495635140.387839,19
1495635140.415657,22
1495635140.444242,20
1495635140.471765,21
1495635140.499177,21
1495635140.526058,21
1495635140.553523,22
1495635140.580196,20
1495635140.607715,21
1495635140.634387,21
1495635140.661704,21
1495635140.688994,22
1495635140.715302,19
1495635140.742884,21
1495635140.770053,19
1495635140.797746,21
1495635140.824330,20
1495635140.851080,20
1495635140.878155,21
1495635140.905777,20
1495635140.933126,21
1495635140.960288,22
1495635140.987676,21
1495635141.014426,22
1495635141.041346,19
1495635141.068548,21
1495635141.095529,19
1495635141.123714,22
1495635141.150839,20
1495635141.178843,23
1495635141.206205,19
1495635141.233503,21
1495635141.261476,22
1495635141.288695,22
1495635141.315924,22
1495635141.343342,21
1495635141.371055,21
1495635141.398475,21
1495635141.425858,22
1495635141.453390,23
1495635141.480723,20
1495635141.508530,21
1495635141.536452,20
1495635141.563524,21
1495635141.590950,21
1495635141.617962,20
1495635141.645294,21
1495635141.673693,22
1495635141.701085,20
1495635141.728455,21
1495635141.755833,19
1495635141.783646,22
1495635141.810475,19
1495635141.838018,21
1495635141.865291,23
1495635141.892752,21
1495635141.921810,20
1495635141.949659,22
1495635141.978228,21
1495635142.005697,20
1495635142.033103,22
1495635142.060169,21
1495635142.087721,21
1495635142.115526,22
1495635142.142474,21
1495635142.170283,19
1495635142.197767,21
1495635142.225147,22
1495635142.252645,20
1495635142.280225,23
1495635142.307258,24
1495635142.335076,19
1495635142.362529,22
1495635142.389822,20
1495635142.416549,18
1495635142.444228,21
1495635142.471462,21
1495635142.499086,22
1495635142.525671,22
1495635142.552701,20
1495635142.579524,20
1495635142.607065,22
1495635142.634278,22
1495635142.660992,19
1495635142.689979,20
1495635142.717146,21
1495635142.745555,21
1495635142.773765,23
1495635142.802158,20
1495635142.829819,20
1495635142.856714,22
1495635142.883917,20
1495635142.912675,22
1495635142.939521,21
1495635142.967972,21
1495635142.995666,22
1495635143.021857,22
1495635143.049256,21
1495635143.076186,21
1495635143.102941,20
1495635143.131271,24
1495635143.158368,20
1495635143.185772,20
1495635143.212980,23
1495635143.240002,19
1495635143.267239,21
1495635143.293714,23
1495635143.321459,21
1495635143.349174,22
1495635143.376081,20
1495635143.403488,22
1495635143.431080,22
1495635143.458293,19
1495635143.485716,23
1495635143.511797,20
1495635143.539305,22
1495635143.566234,21
1495635143.593083,21
1495635143.620628,21
1495635143.647744,19
1495635143.675497,22
1495635143.702463,21
1495635143.729382,20
1495635143.756612,22
1495635143.784369,21
1495635143.811048,20
1495635143.838452,22
1495635143.865622,20
1495635143.893216,21
1495635143.922838,20
1495635143.951850,19
1495635143.978640,21
1495635144.004646,20
1495635144.032025,23
1495635144.058824,18
1495635144.086373,22
1495635144.116216,22
1495635144.142905,20
1495635144.170150,20
1495635144.197452,21
1495635144.224126,20
1495635144.251779,23
1495635144.278022,19
1495635144.305491,22
1495635144.332982,20
1495635144.359493,20
1495635144.386623,21
1495635144.413448,21
1495635144.441445,21
1495635144.468141,21
1495635144.495132,19
1495635144.523108,22
1495635144.550271,19
1495635144.577618,22
1495635144.604404,21
1495635144.631360,20
1495635144.658547,21
1495635144.685816,20
1495635144.713103,20
1495635144.740189,20
1495635144.767098,22
1495635144.794128,22
1495635144.821335,21
1495635144.848186,20
1495635144.875964,23
1495635144.902494,21
1495635144.929589,21
1495635144.956495,22
1495635144.984398,22
1495635145.011064,19
1495635145.038317,22
1495635145.064773,21
1495635145.092378,21
1495635145.120023,21
1495635145.146373,20
1495635145.173654,23
1495635145.200862,21
1495635145.227723,20
1495635145.254319,22
1495635145.281474,19
1495635145.308843,20
1495635145.336022,20
1495635145.362964,19
1495635145.390315,22
1495635145.417531,19
1495635145.445245,22
1495635145.472220,22
1495635145.499419,21
1495635145.525631,22
1495635145.551119,20
1495635145.577386,21
1495635145.602939,20
1495635145.628863,21
1495635145.653935,19
1495635145.680170,22
1495635145.705968,20
1495635145.731874,21
1495635145.757292,21
1495635145.784147,21
1495635145.811197,22
1495635145.837876,19
1495635145.865605,21
1495635145.893603,20
1495635145.923045,21
1495635145.952989,22
1495635145.981296,23
1495635146.008645,23
1495635146.035745,23
1495635146.062679,21
1495635146.089784,22
1495635146.117661,21
1495635146.144254,20
1495635146.171206,21
1495635146.198698,20
1495635146.225685,22
1495635146.252764,20
1495635146.279593,21
1495635146.305597,22
1495635146.331755,20
1495635146.357342,22
1495635146.383175,18
1495635146.410812,22
1495635146.438285,18
1495635146.466165,20
1495635146.492901,22
1495635146.520594,20
1495635146.547534,22
1495635146.574944,20
1495635146.602393,19
1495635146.629580,22
1495635146.656418,21
1495635146.683409,22
1495635146.710319,20
1495635146.737357,21
1495635146.764742,18
1495635146.791952,20
1495635146.818740,21
1495635146.845681,21
1495635146.873411,22
1495635146.900092,18
1495635146.927376,22
1495635146.954529,22
1495635146.982364,22
1495635147.008706,20
1495635147.036029,21
1495635147.062544,20
1495635147.089379,20
1495635147.116643,21
1495635147.143619,22
1495635147.170432,18
1495635147.197920,21
1495635147.224470,21
1495635147.251807,21
1495635147.278197,20
1495635147.305395,22
1495635147.332027,22
1495635147.359402,20
1495635147.386700,22
1495635147.413475,20
1495635147.441219,21
1495635147.468212,20
1495635147.495256,20
1495635147.522585,22
1495635147.549347,22
1495635147.577070,21
1495635147.603955,22
1495635147.631130,18
1495635147.657903,21
1495635147.684799,18
1495635147.711710,21
1495635147.738772,22
1495635147.765243,19
1495635147.792259,19
1495635147.819699,20
1495635147.846450,22
1495635147.873552,20
1495635147.901769,23
1495635147.928986,21
1495635147.955803,21
1495635147.983762,20
1495635148.011148,23
1495635148.037866,20
1495635148.064674,20
1495635148.092185,22
1495635148.119172,20
1495635148.146232,20
1495635148.173981,22
1495635148.200430,18
1495635148.227938,21
1495635148.254191,18
1495635148.281446,19
1495635148.308317,21
1495635148.335199,21
1495635148.362304,19
1495635148.389722,22
1495635148.416641,20
1495635148.445051,21
1495635148.472073,20
1495635148.499546,21
1495635148.526639,22
1495635148.553467,22
1495635148.580552,19
1495635148.607986,23
1495635148.635314,20
1495635148.662914,20
1495635148.689674,18
1495635148.716466,20
1495635148.743492,22
1495635148.770269,21
1495635148.798959,22
1495635148.826780,20
1495635148.854174,21
1495635148.881323,19
1495635148.909191,22
1495635148.936227,22
1495635148.963377,23
1495635148.991319,20
1495635149.018438,22
1495635149.045884,21
1495635149.073314,22
1495635149.100868,23
1495635149.128529,21
1495635149.155746,21
1495635149.182786,21
1495635149.210167,20
1495635149.237439,22
1495635149.264248,20
1495635149.290935,22
1495635149.318072,21
1495635149.345201,21
1495635149.372368,20
1495635149.399876,22
1495635149.427103,20
1495635149.454439,21
1495635149.481168,19
1495635149.508054,22
1495635149.534680,20
1495635149.562165,21
1495635149.588759,20
1495635149.615980,20
1495635149.643196,22
1495635149.670378,21
1495635149.697488,22
1495635149.724527,21
1495635149.751815,22
1495635149.778317,20
1495635149.805504,21
1495635149.832104,21
1495635149.858588,19
1495635149.886112,22
1495635149.915184,19
1495635149.942216,21
1495635149.969840,21
1495635149.996598,21
1495635150.023479,19
1495635150.050278,22
1495635150.076962,21
1495635150.103941,23
1495635150.131592,20
1495635150.158799,23
1495635150.185776,19
1495635150.212865,22
1495635150.238745,20
1495635150.266381,21
1495635150.293148,22
1495635150.320695,19
1495635150.348305,21
1495635150.375209,18
1495635150.402934,21
1495635150.429495,23
1495635150.456297,21
1495635150.483887,22
1495635150.510613,21
1495635150.538032,21
1495635150.564802,22
1495635150.590736,19
1495635150.617943,21
1495635150.644525,19
1495635150.672338,22
1495635150.698677,21
1495635150.725904,20
1495635150.752676,19
1495635150.778990,21
1495635150.806277,20
1495635150.833197,22
1495635150.860170,21
1495635150.887453,22
1495635150.914296,22
1495635150.941453,21
1495635150.969147,20
1495635150.996179,21
1495635151.023245,20
1495635151.050601,22
1495635151.077966,20
1495635151.104988,20
1495635151.132504,21
1495635151.159580,21
1495635151.187275,21
1495635151.214257,21
1495635151.241988,21
1495635151.269337,22
1495635151.296012,19
1495635151.323465,22
1495635151.349856,21
1495635151.377418,19
1495635151.404596,23
1495635151.431323,21
1495635151.458693,20
1495635151.485713,21
1495635151.512788,21
1495635151.540324,22
1495635151.567358,22
1495635151.594170,21
1495635151.621843,22
1495635151.648248,20
1495635151.675604,21
1495635151.702271,21
1495635151.728156,20
1495635151.753967,23
1495635151.779891,20
1495635151.805695,21
1495635151.831136,19
1495635151.857173,23
1495635151.882721,20
1495635151.911356,21
1495635151.938593,21
1495635151.965469,19
1495635151.993715,20
1495635152.020699,22
1495635152.047632,20
1495635152.074845,22
1495635152.101306,20
1495635152.128347,21
1495635152.156073,22
1495635152.182823,20
1495635152.210127,21
1495635152.236894,22
1495635152.264173,20
1495635152.291430,22
1495635152.318085,21
1495635152.345717,20
1495635152.373139,21
1495635152.400303,22
1495635152.427498,21
1495635152.455047,21
1495635152.482060,22
1495635152.508623,21
1495635152.535757,22
1495635152.562203,21
1495635152.589410,23
1495635152.616367,20
1495635152.643493,21
1495635152.670445,22
1495635152.697637,20
1495635152.724746,21
1495635152.751721,20
1495635152.778883,20
1495635152.805665,19
1495635152.833104,21
1495635152.859971,22
1495635152.887332,22
1495635152.914845,22
1495635152.941642,22
1495635152.968720,19
1495635152.996241,22
1495635153.023540,23
1495635153.050837,19
1495635153.077838,22
1495635153.105154,21
1495635153.131672,21
1495635153.158704,20
1495635153.184839,19
1495635153.212348,21
1495635153.239426,21
1495635153.266440,20
1495635153.293722,21
1495635153.320388,22
1495635153.348243,21
1495635153.375012,22
1495635153.401893,21
1495635153.429041,21
1495635153.456159,20
1495635153.483691,22
1495635153.510427,21
1495635153.537331,22
1495635153.564754,21
1495635153.591762,22
1495635153.618343,19
1495635153.646304,21
1495635153.673617,22
1495635153.700572,19
1495635153.728150,23
1495635153.754708,20
1495635153.782246,22
1495635153.809504,20
1495635153.836766,24
1495635153.863895,20
1495635153.891903,22
1495635153.919761,20
1495635153.948653,22
1495635153.976610,21
1495635154.003968,20
1495635154.031652,22
1495635154.059274,18
1495635154.086724,22
1495635154.116165,19
1495635154.144095,23
1495635154.172023,20
1495635154.198192,22
1495635154.224322,21
1495635154.249767,22
1495635154.275591,21
1495635154.301009,20
1495635154.326697,22
1495635154.352443,21
1495635154.377901,21
1495635154.403426,22
1495635154.428961,22
1495635154.454726,20
1495635154.480313,21
1495635154.506336,22
1495635154.531776,19
1495635154.557680,22
1495635154.584037,17
1495635154.611412,22
1495635154.639636,22
1495635154.671967,23
1495635154.701608,20
1495635154.728704,21
1495635154.756427,21
1495635154.784753,20
1495635154.811271,20
1495635154.838667,22
1495635154.865931,20
1495635154.893207,23
1495635154.920301,21
1495635154.947328,21
1495635154.974193,22
1495635155.001456,21
1495635155.027716,22
1495635155.056214,21
1495635155.083463,21
1495635155.110592,19
1495635155.139968,22
1495635155.167107,20
1495635155.193974,20
1495635155.220970,22
1495635155.247953,21
1495635155.274937,22
1495635155.301688,20
1495635155.329130,23
1495635155.355679,18
1495635155.383143,22
1495635155.410163,21
1495635155.437324,20
1495635155.464495,20
