1495636874.846181,17
1495636874.884788,29
1495636874.911349,29
1495636874.936576,30
1495636874.961698,30
1495636874.986546,31
1495636875.011978,33
1495636875.037113,33
1495636875.062172,33
1495636875.087505,35
1495636875.112669,38
1495636875.138015,39
1495636875.163604,38
1495636875.189044,35
1495636875.213869,33
1495636875.238843,32
1495636875.263870,36
1495636875.288527,31
1495636875.313420,36
1495636875.339601,35
1495636875.365786,34
1495636875.391013,36
1495636875.416089,37
1495636875.441426,38
1495636875.466649,35
1495636875.491610,37
1495636875.516798,39
1495636875.542998,40
1495636875.568430,42
1495636875.593513,40
1495636875.618620,44
1495636875.643698,43
1495636875.668808,39
1495636875.694753,42
1495636875.719690,37
1495636875.744938,41
1495636875.770139,42
1495636875.795612,40
1495636875.821233,45
1495636875.853099,43
1495636875.880112,42
1495636875.905307,39
1495636875.931127,42
1495636875.957149,43
1495636875.983819,42
1495636876.012070,47
1495636876.037854,43
1495636876.063597,43
1495636876.088957,45
1495636876.115562,46
1495636876.140871,43
1495636876.166897,42
1495636876.193780,42
1495636876.220604,47
1495636876.245998,46
1495636876.272083,48
1495636876.297477,49
1495636876.323407,42
1495636876.350854,48
1495636876.377297,50
1495636876.402801,53
1495636876.429333,47
1495636876.457782,53
1495636876.483239,51
1495636876.509280,51
1495636876.535089,47
1495636876.561939,45
1495636876.587337,49
1495636876.614258,49
1495636876.640727,53
1495636876.666687,48
1495636876.692349,45
1495636876.718409,53
1495636876.744442,50
1495636876.770197,49
1495636876.795721,50
1495636876.822494,44
1495636876.847926,52
1495636876.874182,48
1495636876.901814,34
1495636876.928439,55
1495636876.953138,59
1495636876.978274,38
1495636877.003515,57
1495636877.028175,60
1495636877.052390,48
1495636877.077348,50
1495636877.103758,59
1495636877.128527,58
1495636877.153563,54
1495636877.180274,50
1495636877.205575,60
1495636877.231684,54
1495636877.259669,53
1495636877.285201,60
1495636877.312965,55
1495636877.339751,55
1495636877.366164,57
1495636877.392905,54
1495636877.418197,52
1495636877.444872,59
1495636877.472182,59
1495636877.498635,58
1495636877.525921,58
1495636877.552862,61
1495636877.579460,55
1495636877.606867,60
1495636877.635148,60
1495636877.662031,64
1495636877.689676,58
1495636877.716608,55
1495636877.743277,55
1495636877.770820,50
1495636877.797670,53
1495636877.823734,56
1495636877.851490,57
1495636877.880427,47
1495636877.907646,58
1495636877.935142,55
1495636877.962694,41
1495636877.988723,55
1495636878.015176,55
1495636878.042519,48
1495636878.069653,55
1495636878.096319,53
1495636878.123040,50
1495636878.150641,55
1495636878.176435,55
1495636878.202215,58
1495636878.228584,47
1495636878.254973,65
1495636878.283990,58
1495636878.310072,60
1495636878.338474,56
1495636878.366229,64
1495636878.391784,61
1495636878.417701,52
1495636878.443251,55
1495636878.469769,63
1495636878.498146,65
1495636878.525815,60
1495636878.553156,65
1495636878.579664,62
1495636878.605462,59
1495636878.631118,59
1495636878.656712,62
1495636878.682008,62
1495636878.707511,60
1495636878.732929,65
1495636878.758948,63
1495636878.784332,56
1495636878.810024,57
1495636878.836568,65
1495636878.863037,59
1495636878.888506,54
1495636878.914447,58
1495636878.941886,61
1495636878.967895,63
1495636878.993003,65
1495636879.018417,61
1495636879.043835,62
1495636879.069461,63
1495636879.094773,68
1495636879.120272,66
1495636879.145450,64
1495636879.171124,62
1495636879.196165,66
1495636879.221319,60
1495636879.247218,60
1495636879.274875,63
1495636879.301221,61
1495636879.326611,56
1495636879.352757,51
1495636879.377990,59
1495636879.402375,69
1495636879.426627,65
1495636879.451264,66
1495636879.475368,62
1495636879.500274,71
1495636879.524709,69
1495636879.548867,69
1495636879.573749,53
1495636879.600012,70
1495636879.625044,67
1495636879.649325,65
1495636879.673443,64
1495636879.697693,63
1495636879.722327,58
1495636879.746686,65
1495636879.770860,59
1495636879.795363,64
1495636879.819573,56
1495636879.848796,70
1495636879.875531,70
1495636879.901880,66
1495636879.927139,60
1495636879.951655,66
1495636879.976009,68
1495636880.000216,59
1495636880.024599,55
1495636880.048853,62
1495636880.074922,70
1495636880.098887,58
1495636880.123746,66
1495636880.148136,65
1495636880.174638,72
1495636880.200244,68
1495636880.224717,63
1495636880.249521,63
1495636880.274536,63
1495636880.299764,61
1495636880.323833,64
1495636880.348655,65
1495636880.373157,66
1495636880.397207,66
1495636880.422289,69
1495636880.448626,73
1495636880.473449,73
1495636880.498488,66
1495636880.523086,71
1495636880.548430,72
1495636880.574707,69
1495636880.600178,66
1495636880.625378,62
1495636880.650840,63
1495636880.676320,64
1495636880.701620,63
1495636880.727089,63
1495636880.752446,64
1495636880.778116,63
1495636880.803581,68
1495636880.829599,69
1495636880.855823,74
1495636880.883129,67
1495636880.910159,69
1495636880.935763,71
1495636880.961484,73
1495636880.987309,63
1495636881.012596,69
1495636881.038517,72
1495636881.064602,73
1495636881.090426,70
1495636881.119059,70
1495636881.145000,73
1495636881.171105,70
1495636881.197421,69
1495636881.224073,67
1495636881.249809,71
1495636881.275427,69
1495636881.300808,70
1495636881.326350,68
1495636881.352668,74
1495636881.378283,70
1495636881.403741,69
1495636881.429207,72
1495636881.454865,70
1495636881.480307,66
1495636881.505774,62
1495636881.530933,57
1495636881.556757,60
1495636881.582216,69
1495636881.607802,68
1495636881.633234,63
1495636881.659891,60
1495636881.686269,65
1495636881.712201,69
1495636881.738057,69
1495636881.764072,69
1495636881.789602,68
1495636881.815435,73
1495636881.840815,63
1495636881.867520,72
1495636881.893201,73
1495636881.918521,74
1495636881.943851,65
1495636881.970059,71
1495636881.995229,66
1495636882.020345,65
1495636882.045563,66
1495636882.071199,72
1495636882.096435,70
1495636882.121317,68
1495636882.146770,66
1495636882.172912,67
1495636882.198884,60
1495636882.224371,60
1495636882.250248,68
1495636882.275785,74
1495636882.301374,66
1495636882.326880,64
1495636882.353623,69
1495636882.380738,67
1495636882.406243,67
1495636882.431678,69
1495636882.457177,70
1495636882.482405,70
1495636882.509197,67
1495636882.534411,60
1495636882.560193,61
1495636882.585657,68
1495636882.611227,70
1495636882.636514,67
1495636882.661991,67
1495636882.687222,69
1495636882.713127,67
1495636882.738575,69
1495636882.764259,68
1495636882.789444,64
1495636882.814899,62
1495636882.841672,69
1495636882.867918,60
1495636882.893222,60
1495636882.918465,63
1495636882.944008,63
1495636882.971850,71
1495636882.996939,66
1495636883.021909,59
1495636883.047191,55
1495636883.072994,67
1495636883.098351,74
1495636883.123889,68
1495636883.149505,66
1495636883.174484,63
1495636883.199843,64
1495636883.224993,63
1495636883.250145,67
1495636883.275543,60
1495636883.300776,62
1495636883.326239,66
1495636883.352149,75
1495636883.377563,75
1495636883.402938,69
1495636883.428279,63
1495636883.453635,76
1495636883.478789,74
1495636883.504834,72
1495636883.529858,61
1495636883.555193,76
1495636883.580484,69
1495636883.605949,66
1495636883.631310,65
1495636883.657224,68
1495636883.682651,76
1495636883.707951,71
1495636883.733073,75
1495636883.758225,63
1495636883.783200,75
1495636883.807477,67
1495636883.831760,72
1495636883.855870,58
1495636883.884317,75
1495636883.910506,76
1495636883.936495,71
1495636883.962193,66
1495636883.987635,65
1495636884.012674,69
1495636884.037944,61
1495636884.062968,58
1495636884.088079,56
1495636884.113486,68
1495636884.138781,67
1495636884.165002,72
1495636884.190240,63
1495636884.215914,75
1495636884.240980,62
1495636884.266769,77
1495636884.291873,61
1495636884.317090,76
1495636884.341583,69
1495636884.367096,73
1495636884.392550,63
1495636884.418172,73
1495636884.444019,65
1495636884.469741,71
1495636884.496389,70
1495636884.521588,72
1495636884.547131,72
1495636884.572466,72
1495636884.597979,70
1495636884.623299,69
1495636884.648633,66
1495636884.673961,70
1495636884.699486,67
1495636884.724505,67
1495636884.749994,74
1495636884.775639,75
1495636884.800684,65
1495636884.825960,57
1495636884.851813,69
1495636884.877258,67
1495636884.902252,63
1495636884.927561,54
1495636884.953118,68
1495636884.978243,66
1495636885.003662,66
1495636885.028669,64
1495636885.053529,76
1495636885.077502,64
1495636885.101623,67
1495636885.127179,66
1495636885.152555,70
1495636885.177954,71
1495636885.203200,71
1495636885.228540,71
1495636885.253845,69
1495636885.278834,73
1495636885.304140,72
1495636885.329294,71
1495636885.355638,73
1495636885.380781,69
1495636885.405873,64
1495636885.430819,60
1495636885.456412,68
1495636885.481411,74
1495636885.507017,67
1495636885.532827,74
1495636885.558360,70
1495636885.583839,71
1495636885.608779,69
1495636885.634200,67
1495636885.659614,76
1495636885.684855,73
1495636885.709938,73
1495636885.735321,70
1495636885.760444,67
1495636885.785508,65
1495636885.811078,71
1495636885.836105,65
1495636885.862470,69
1495636885.890005,71
1495636885.917468,72
1495636885.943359,70
1495636885.969035,68
1495636885.994745,64
1495636886.019780,68
1495636886.045589,70
1495636886.071021,63
1495636886.096269,78
1495636886.121535,64
1495636886.146783,78
1495636886.172225,64
1495636886.197405,69
1495636886.223457,67
1495636886.249020,65
1495636886.274711,68
1495636886.300176,67
1495636886.325425,66
1495636886.351120,66
1495636886.376833,59
1495636886.401902,72
1495636886.427277,63
1495636886.452301,69
1495636886.477947,67
1495636886.503584,74
1495636886.528894,64
1495636886.554339,64
1495636886.579731,70
1495636886.605250,75
1495636886.630442,70
1495636886.656151,73
1495636886.681360,69
1495636886.707292,71
1495636886.733371,65
1495636886.759099,70
1495636886.784709,71
1495636886.810071,75
1495636886.835508,67
1495636886.861003,69
1495636886.886478,66
1495636886.911439,67
1495636886.936612,60
1495636886.961749,71
1495636886.987449,74
1495636887.012120,69
1495636887.037280,68
1495636887.062586,67
1495636887.087880,74
1495636887.113318,67
1495636887.138308,63
1495636887.164082,72
1495636887.189152,74
1495636887.214436,76
1495636887.239569,67
1495636887.264548,71
1495636887.289979,70
1495636887.314990,66
1495636887.341005,70
1495636887.365726,65
1495636887.390474,64
1495636887.415053,61
1495636887.440918,68
1495636887.465696,68
1495636887.490184,74
1495636887.514838,75
1495636887.539171,72
1495636887.563545,70
1495636887.587926,63
1495636887.612319,62
1495636887.636410,75
1495636887.660957,63
1495636887.685384,66
1495636887.711652,69
1495636887.737045,75
1495636887.762971,73
1495636887.788505,71
1495636887.814174,73
1495636887.839447,71
1495636887.866940,65
1495636887.893672,73
1495636887.919875,77
1495636887.946634,68
1495636887.974342,66
1495636888.000957,69
1495636888.026530,73
1495636888.052713,70
1495636888.078442,65
1495636888.104676,63
1495636888.130173,70
1495636888.155635,66
1495636888.181205,65
1495636888.207278,66
1495636888.232835,69
1495636888.258751,72
1495636888.284733,59
1495636888.311840,65
1495636888.337114,65
1495636888.363849,71
1495636888.389045,74
1495636888.414432,73
1495636888.439878,69
1495636888.465708,70
1495636888.490710,69
1495636888.515843,72
1495636888.540991,63
1495636888.566598,69
1495636888.592197,75
1495636888.617283,66
1495636888.642707,57
1495636888.668108,69
1495636888.693454,63
1495636888.718850,68
1495636888.744041,54
1495636888.770773,67
1495636888.796365,70
1495636888.821692,72
1495636888.847062,63
1495636888.873264,74
1495636888.898504,75
1495636888.924185,78
1495636888.949751,68
1495636888.975373,73
1495636889.000302,72
1495636889.025880,71
1495636889.051365,67
1495636889.076905,74
1495636889.102091,74
1495636889.127531,73
1495636889.152523,72
1495636889.177653,72
1495636889.203172,70
1495636889.228414,72
1495636889.254098,70
1495636889.279225,71
1495636889.304752,66
1495636889.329993,69
1495636889.356321,67
1495636889.381617,74
1495636889.407277,76
1495636889.432393,73
1495636889.457443,67
1495636889.482828,75
1495636889.508166,70
1495636889.533706,74
1495636889.559170,64
1495636889.584654,73
1495636889.609857,66
1495636889.635552,76
1495636889.660555,66
1495636889.686009,77
1495636889.711297,72
1495636889.736454,71
1495636889.761566,60
1495636889.787294,68
1495636889.813619,71
1495636889.838915,77
1495636889.865568,71
1495636889.891668,71
1495636889.917156,62
1495636889.942073,72
1495636889.967144,76
1495636889.992486,72
1495636890.017721,62
1495636890.043205,66
1495636890.068817,71
1495636890.094271,64
1495636890.118249,58
1495636890.142595,69
1495636890.166780,72
1495636890.190906,70
1495636890.215111,62
1495636890.239463,59
1495636890.263735,68
1495636890.288273,73
1495636890.312317,69
1495636890.336406,70
1495636890.361305,75
1495636890.385183,73
1495636890.409348,78
1495636890.433735,70
1495636890.458000,76
1495636890.482234,76
1495636890.506875,74
1495636890.531057,70
1495636890.555284,69
1495636890.579834,69
1495636890.603957,68
1495636890.628048,63
1495636890.652573,72
1495636890.676698,69
1495636890.700677,65
1495636890.725108,65
1495636890.749258,64
1495636890.773636,60
1495636890.799422,66
1495636890.824617,66
1495636890.850256,71
1495636890.875766,70
1495636890.901369,68
1495636890.926396,69
1495636890.951781,73
1495636890.977080,71
1495636891.002962,75
1495636891.028110,71
1495636891.053105,68
1495636891.078856,61
1495636891.104084,73
1495636891.129219,67
1495636891.154134,64
1495636891.180037,75
1495636891.205462,73
1495636891.230886,66
1495636891.256655,73
1495636891.281900,59
1495636891.308063,69
1495636891.333369,79
1495636891.359566,77
1495636891.384941,73
1495636891.410480,72
1495636891.435915,68
1495636891.461581,74
1495636891.486758,65
1495636891.512512,63
1495636891.537909,79
1495636891.563475,70
1495636891.588614,71
1495636891.613886,68
1495636891.639483,70
1495636891.664738,72
1495636891.690362,63
1495636891.715463,76
1495636891.740941,73
1495636891.766036,70
1495636891.791464,56
1495636891.816528,71
1495636891.841842,75
1495636891.868701,74
1495636891.894786,70
1495636891.920208,71
1495636891.945250,68
1495636891.970519,64
1495636891.995874,65
1495636892.021379,71
1495636892.046638,71
1495636892.072347,69
1495636892.097652,69
1495636892.123614,76
1495636892.148730,66
1495636892.174599,68
1495636892.200214,65
1495636892.225935,67
1495636892.251123,67
1495636892.276952,69
1495636892.301873,57
1495636892.327216,71
1495636892.352703,70
1495636892.378196,76
1495636892.404178,58
1495636892.429383,72
1495636892.454955,67
1495636892.479975,58
1495636892.505608,74
1495636892.530515,64
1495636892.556038,72
1495636892.581436,73
1495636892.606383,71
1495636892.631985,76
1495636892.657222,69
1495636892.682723,72
1495636892.707964,73
1495636892.733945,70
1495636892.759232,67
1495636892.784988,67
1495636892.810102,71
1495636892.835830,69
1495636892.862152,68
1495636892.888987,69
1495636892.914451,69
1495636892.940139,65
1495636892.965549,64
1495636892.991408,75
1495636893.016587,72
1495636893.042104,73
1495636893.068230,69
1495636893.093720,73
1495636893.118958,78
1495636893.144358,68
1495636893.169902,72
1495636893.195255,70
1495636893.220604,75
1495636893.245916,71
1495636893.271571,59
1495636893.297532,68
1495636893.323078,73
1495636893.347838,64
1495636893.373504,77
1495636893.398516,61
1495636893.423732,76
1495636893.449503,69
1495636893.474651,65
1495636893.500373,67
1495636893.525758,73
1495636893.551681,72
1495636893.576794,68
1495636893.602224,65
1495636893.627310,69
1495636893.652516,67
1495636893.677707,77
1495636893.703180,65
1495636893.728808,75
1495636893.754135,68
1495636893.779528,72
1495636893.804883,67
1495636893.830244,70
1495636893.855481,70
1495636893.882633,69
1495636893.908489,64
1495636893.934631,71
1495636893.959772,76
1495636893.986378,70
1495636894.012211,73
1495636894.037741,69
1495636894.062891,78
1495636894.088712,71
1495636894.113921,68
1495636894.139331,66
1495636894.165002,70
1495636894.189937,65
1495636894.215610,73
1495636894.240393,63
1495636894.265928,69
1495636894.290835,72
1495636894.316488,75
1495636894.341217,68
1495636894.367694,66
1495636894.393001,66
1495636894.418336,71
1495636894.444057,71
1495636894.469516,76
1495636894.494650,64
1495636894.519773,67
1495636894.545299,65
1495636894.570767,73
1495636894.595516,61
1495636894.621107,71
1495636894.646500,68
1495636894.672192,71
1495636894.697019,56
1495636894.722883,60
1495636894.748811,76
1495636894.774335,74
1495636894.799501,67
1495636894.825107,62
1495636894.850397,72
